
[[[0.95  0.05  0.95  0.05 ]
  [0.025 0.025 0.025 0.925]
  [0.    0.    0.    0.   ]
  ...
  [0.    0.    0.    0.   ]
  [0.    0.    0.    0.   ]
  [0.    0.    0.    0.   ]]

 [[0.025 0.025 0.925 0.025]
  [0.925 0.025 0.025 0.025]
  [0.025 0.025 0.025 0.925]
  ...
  [0.    0.    0.    0.   ]
  [0.    0.    0.    0.   ]
  [0.    0.    0.    0.   ]]

 [[0.    0.    0.    0.   ]
  [0.025 0.025 0.925 0.025]
  [0.925 0.025 0.025 0.025]
  ...
  [0.    0.    0.    0.   ]
  [0.    0.    0.    0.   ]
  [0.    0.    0.    0.   ]]

 ...

 [[0.    0.    0.    0.   ]
  [0.    0.    0.    0.   ]
  [0.    0.    0.    0.   ]
  ...
  [0.025 0.925 0.025 0.025]
  [0.025 0.025 0.025 0.925]
  [0.    0.    0.    0.   ]]

 [[0.    0.    0.    0.   ]
  [0.    0.    0.    0.   ]
  [0.    0.    0.    0.   ]
  ...
  [0.    0.    0.    0.   ]
  [0.    0.    0.    0.   ]
  [1.    1.    1.    1.   ]]

 [[0.    0.    0.    0.   ]
  [0.    0.    0.    0.   ]
  [0.    0.    0.    0.   ]
  ...
  [0.    0.    0.    0.   ]
  [0.    0.    0.    0.   ]
  [1.    1.    1.    1.   ]]]
[[[0.95  0.05  0.95  0.05 ]
  [0.025 0.025 0.025 0.925]
  [0.    0.    0.    0.   ]
  ...
  [0.    0.    0.    0.   ]
  [0.    0.    0.    0.   ]
  [0.    0.    0.    0.   ]]

 [[0.025 0.025 0.925 0.025]
  [0.925 0.025 0.025 0.025]
  [0.025 0.025 0.025 0.925]
  ...
  [0.    0.    0.    0.   ]
  [0.    0.    0.    0.   ]
  [0.    0.    0.    0.   ]]

 [[0.    0.    0.    0.   ]
  [0.025 0.025 0.925 0.025]
  [0.925 0.025 0.025 0.025]
  ...
  [0.    0.    0.    0.   ]
  [0.    0.    0.    0.   ]
  [0.    0.    0.    0.   ]]

 ...

 [[0.    0.    0.    0.   ]
  [0.    0.    0.    0.   ]
  [0.    0.    0.    0.   ]
  ...
  [0.025 0.925 0.025 0.025]
  [0.025 0.025 0.025 0.925]
  [0.    0.    0.    0.   ]]

 [[0.    0.    0.    0.   ]
  [0.    0.    0.    0.   ]
  [0.    0.    0.    0.   ]
  ...
  [0.    0.    0.    0.   ]
  [0.    0.    0.    0.   ]
  [1.    1.    1.    1.   ]]

 [[0.    0.    0.    0.   ]
  [0.    0.    0.    0.   ]
  [0.    0.    0.    0.   ]
  ...
  [0.    0.    0.    0.   ]
  [0.    0.    0.    0.   ]
  [1.    1.    1.    1.   ]]]
[[[0.95  0.05  0.95  0.05 ]
  [0.025 0.025 0.025 0.925]
  [0.    0.    0.    0.   ]
  ...
  [0.    0.    0.    0.   ]
  [0.    0.    0.    0.   ]
  [0.    0.    0.    0.   ]]

 [[0.025 0.025 0.925 0.025]
  [0.925 0.025 0.025 0.025]
  [0.025 0.025 0.025 0.925]
  ...
  [0.    0.    0.    0.   ]
  [0.    0.    0.    0.   ]
  [0.    0.    0.    0.   ]]

 [[0.    0.    0.    0.   ]
  [0.025 0.025 0.925 0.025]
  [0.925 0.025 0.025 0.025]
  ...
  [0.    0.    0.    0.   ]
  [0.    0.    0.    0.   ]
  [0.    0.    0.    0.   ]]

 ...

 [[0.    0.    0.    0.   ]
  [0.    0.    0.    0.   ]
  [0.    0.    0.    0.   ]
  ...
  [0.025 0.925 0.025 0.025]
  [0.025 0.025 0.025 0.925]
  [0.    0.    0.    0.   ]]

 [[0.    0.    0.    0.   ]
  [0.    0.    0.    0.   ]
  [0.    0.    0.    0.   ]
  ...
  [0.    0.    0.    0.   ]
  [0.    0.    0.    0.   ]
  [1.    1.    1.    1.   ]]

 [[0.    0.    0.    0.   ]
  [0.    0.    0.    0.   ]
  [0.    0.    0.    0.   ]
  ...
  [0.    0.    0.    0.   ]
  [0.    0.    0.    0.   ]
  [1.    1.    1.    1.   ]]]
[[[0.95  0.05  0.95  0.05 ]
  [0.025 0.025 0.025 0.925]
  [0.    0.    0.    0.   ]
  ...
  [0.    0.    0.    0.   ]
  [0.    0.    0.    0.   ]
  [0.    0.    0.    0.   ]]

 [[0.025 0.025 0.925 0.025]
  [0.925 0.025 0.025 0.025]
  [0.025 0.025 0.025 0.925]
  ...
  [0.    0.    0.    0.   ]
  [0.    0.    0.    0.   ]
  [0.    0.    0.    0.   ]]

 [[0.    0.    0.    0.   ]
  [0.025 0.025 0.925 0.025]
  [0.925 0.025 0.025 0.025]
  ...
  [0.    0.    0.    0.   ]
  [0.    0.    0.    0.   ]
  [0.    0.    0.    0.   ]]

 ...

 [[0.    0.    0.    0.   ]
  [0.    0.    0.    0.   ]
  [0.    0.    0.    0.   ]
  ...
  [0.025 0.925 0.025 0.025]
  [0.025 0.025 0.025 0.925]
  [0.    0.    0.    0.   ]]

 [[0.    0.    0.    0.   ]
  [0.    0.    0.    0.   ]
  [0.    0.    0.    0.   ]
  ...
  [0.    0.    0.    0.   ]
  [0.    0.    0.    0.   ]
  [1.    1.    1.    1.   ]]

 [[0.    0.    0.    0.   ]
  [0.    0.    0.    0.   ]
  [0.    0.    0.    0.   ]
  ...
  [0.    0.    0.    0.   ]
  [0.    0.    0.    0.   ]
  [1.    1.    1.    1.   ]]]